304	0	128	121600.0
485	126	128	194000.0
678	239	128	271200.0
870	352	128	348000.0
1061	465	128	424400.0
1248	582	128	499200.0
1402	695	128	560800.0
1550	815	128	620000.0
1704	928	128	681600.0
1891	1045	128	756400.0
2079	1161	128	831600.0
2269	1275	128	907600.0
2459	1389	128	983600.0
2649	1503	128	1059600.0
2839	1617	128	1135600.0
3029	1731	128	1211600.0
3219	1845	128	1287600.0
3406	1962	128	1362400.0
3594	2078	128	1437600.0
3781	2195	128	1512400.0
3972	2308	128	1588800.0
4163	2421	128	1665200.0
4356	2532	128	1742400.0
4538	2657	128	1815200.0
4730	2770	128	1892000.0
4916	2888	128	1966400.0
5096	3014	128	2038400.0
5285	3130	128	2114000.0
5464	3256	128	2185600.0
5637	3389	128	2254800.0
5816	3516	128	2326400.0
5991	3645	128	2396400.0
6160	3781	128	2464000.0
6314	3931	128	2525600.0
6472	4077	128	2588800.0
6617	4239	128	2646800.0
6768	4392	128	2707200.0
6927	4540	128	2770800.0
7093	4681	128	2837200.0
7259	4822	128	2903600.0
7391	5004	128	2956400.0
7476	5223	128	2990400.0
7513	5447	128	3005200.0
7548	5672	128	3019200.0
7553	5881	128	3021200.0
7553	6095	128	3021200.0
7571	6292	128	3028400.0
7581	6498	128	3032400.0
7581	6714	128	3032400.0
7581	6930	128	3032400.0
7589	7144	128	3035600.0
7594	7359	128	3037600.0
7599	7570	128	3039600.0
7618	7766	128	3047200.0
7628	7972	128	3051200.0
7647	8168	128	3058800.0
7671	8359	128	3068400.0
7681	8565	128	3072400.0
7681	8781	128	3072400.0
7681	8997	128	3072400.0
7728	9219	128	3091200.0
7800	9460	128	3120000.0
7870	9698	128	3148000.0
7900	9931	128	3160000.0
7947	10146	128	3178800.0
8006	10355	128	3202400.0
8090	10583	128	3236000.0
8162	10821	128	3264800.0
8187	11059	128	3274800.0
8197	11265	128	3278800.0
8202	11476	128	3280800.0
8202	11692	128	3280800.0
8235	11928	128	3294000.0
8276	12149	128	3310400.0
8276	12365	128	3310400.0
8294	12562	128	3317600.0
8309	12763	128	3323600.0
8309	12979	128	3323600.0
8325	13183	128	3330000.0
8335	13389	128	3334000.0
8375	13618	128	3350000.0
8447	13861	128	3378800.0
8505	14114	128	3402000.0
8581	14346	128	3432400.0
8616	14574	128	3446400.0
8668	14784	128	3467200.0
8708	15006	128	3483200.0
8762	15267	128	3504800.0
8782	15511	128	3512800.0
8792	15718	128	3516800.0
8794	15937	128	3517600.0
8794	16166	128	3517600.0
8794	16395	128	3517600.0
8803	16676	128	3521200.0
8803	16913	128	3521200.0
8804	17203	128	3521600.0
8804	17432	128	3521600.0
8804	17661	128	3521600.0
8804	17954	128	3521600.0
8834	18259	128	3533600.0
8839	18534	128	3535600.0
8839	18763	128	3535600.0
8839	18992	128	3535600.0
8839	19221	128	3535600.0
8856	19425	128	3542400.0
8856	19642	128	3542400.0
8856	19859	128	3542400.0
8856	20076	128	3542400.0
8856	20305	128	3542400.0
8856	20499	128	3542400.0
8856	20658	128	3542400.0
294	0	128	117600.0
467	124	128	186800.0
643	245	128	257200.0
818	366	128	327200.0
987	494	128	394800.0
1170	605	128	468000.0
1325	709	128	530000.0
1454	842	128	581600.0
1588	970	128	635200.0
1758	1094	128	703200.0
1926	1223	128	770400.0
2095	1351	128	838000.0
2264	1479	128	905600.0
2433	1607	128	973200.0
2602	1735	128	1040800.0
2771	1863	128	1108400.0
2940	1991	128	1176000.0
3110	2115	128	1244000.0
3278	2244	128	1311200.0
3448	2368	128	1379200.0
3620	2490	128	1448000.0
3792	2612	128	1516800.0
3977	2721	128	1590800.0
4137	2858	128	1654800.0
4320	2969	128	1728000.0
4505	3079	128	1802000.0
4652	3230	128	1860800.0
4820	3357	128	1928000.0
5004	3467	128	2001600.0
5164	3604	128	2065600.0
5333	3732	128	2133200.0
5507	3852	128	2202800.0
5671	3984	128	2268400.0
5821	4128	128	2328400.0
5973	4270	128	2389200.0
6113	4428	128	2445200.0
6260	4576	128	2504000.0
6400	4734	128	2560000.0
6557	4874	128	2622800.0
6721	5007	128	2688400.0
6873	5157	128	2749200.0
6988	5344	128	2795200.0
7034	5557	128	2813600.0
7081	5768	128	2832400.0
7096	5965	128	2838400.0
7111	6162	128	2844400.0
7135	6351	128	2854000.0
7145	6555	128	2858000.0
7145	6769	128	2858000.0
7145	6983	128	2858000.0
7160	7184	128	2864000.0
7171	7393	128	2868400.0
7176	7602	128	2870400.0
7195	7796	128	2878000.0
7200	8005	128	2880000.0
7219	8199	128	2887600.0
7238	8393	128	2895200.0
7238	8607	128	2895200.0
7238	8821	128	2895200.0
7238	9035	128	2895200.0
7284	9256	128	2913600.0
7366	9486	128	2946400.0
7447	9712	128	2978800.0
7492	9928	128	2996800.0
7543	10137	128	3017200.0
7604	10342	128	3041600.0
7684	10573	128	3073600.0
7756	10810	128	3102400.0
7786	11041	128	3114400.0
7796	11245	128	3118400.0
7806	11449	128	3122400.0
7811	11658	128	3124400.0
7852	11884	128	3140800.0
7899	12096	128	3159600.0
7909	12300	128	3163600.0
7927	12495	128	3170800.0
7937	12699	128	3174800.0
7937	12913	128	3174800.0
7952	13116	128	3180800.0
7962	13320	128	3184800.0
8000	13549	128	3200000.0
8080	13780	128	3232000.0
8154	14017	128	3261600.0
8235	14242	128	3294000.0
8260	14478	128	3304000.0
8296	14702	128	3318400.0
8336	14919	128	3334400.0
8399	15166	128	3359600.0
8414	15410	128	3365600.0
8419	15617	128	3367600.0
8421	15836	128	3368400.0
8421	16062	128	3368400.0
8421	16288	128	3368400.0
8430	16566	128	3372000.0
8430	16802	128	3372000.0
8431	17089	128	3372400.0
8431	17315	128	3372400.0
8431	17541	128	3372400.0
8431	17831	128	3372400.0
8459	18135	128	3383600.0
8469	18402	128	3387600.0
8469	18628	128	3387600.0
8469	18854	128	3387600.0
8469	19080	128	3387600.0
8484	19281	128	3393600.0
8484	19493	128	3393600.0
8484	19705	128	3393600.0
8484	19917	128	3393600.0
8484	20146	128	3393600.0
8484	20339	128	3393600.0
8484	20497	128	3393600.0
288	0	128	115200.0
448	128	128	179200.0
624	240	128	249600.0
812	340	128	324800.0
993	447	128	397200.0
1165	565	128	466000.0
1290	693	128	516000.0
1414	823	128	565600.0
1536	954	128	614400.0
1697	1081	128	678800.0
1862	1204	128	744800.0
2025	1329	128	810000.0
2189	1453	128	875600.0
2363	1567	128	945200.0
2520	1698	128	1008000.0
2683	1823	128	1073200.0
2859	1935	128	1143600.0
3002	2080	128	1200800.0
3134	2236	128	1253600.0
3278	2380	128	1311200.0
3429	2517	128	1371600.0
3581	2653	128	1432400.0
3732	2790	128	1492800.0
3872	2940	128	1548800.0
4017	3084	128	1606800.0
4155	3234	128	1662000.0
4295	3382	128	1718000.0
4447	3519	128	1778800.0
4599	3655	128	1839600.0
4741	3801	128	1896400.0
4886	3944	128	1954400.0
5030	4088	128	2012000.0
5158	4250	128	2063200.0
5294	4402	128	2117600.0
5434	4550	128	2173600.0
5568	4704	128	2227200.0
5702	4858	128	2280800.0
5829	5019	128	2331600.0
5975	5161	128	2390000.0
6140	5284	128	2456000.0
6281	5436	128	2512400.0
6386	5630	128	2554400.0
6432	5839	128	2572800.0
6474	6054	128	2589600.0
6479	6260	128	2591600.0
6479	6471	128	2591600.0
6498	6667	128	2599200.0
6498	6880	128	2599200.0
6498	7093	128	2599200.0
6498	7306	128	2599200.0
6501	7523	128	2600400.0
6501	7745	128	2600400.0
6501	7958	128	2600400.0
6520	8154	128	2608000.0
6525	8362	128	2610000.0
6544	8558	128	2617600.0
6563	8752	128	2625200.0
6563	8961	128	2625200.0
6563	9170	128	2625200.0
6563	9379	128	2625200.0
6609	9593	128	2643600.0
6665	9842	128	2666000.0
6720	10090	128	2688000.0
6735	10330	128	2694000.0
6767	10555	128	2706800.0
6808	10774	128	2723200.0
6878	11005	128	2751200.0
6944	11242	128	2777600.0
6965	11476	128	2786000.0
6985	11665	128	2794000.0
6990	11869	128	2796000.0
6990	12078	128	2796000.0
7014	12317	128	2805600.0
7046	12544	128	2818400.0
7046	12755	128	2818400.0
7065	12949	128	2826000.0
7065	13158	128	2826000.0
7065	13367	128	2826000.0
7067	13585	128	2826800.0
7067	13796	128	2826800.0
7103	14022	128	2841200.0
7166	14265	128	2866400.0
7234	14500	128	2893600.0
7315	14724	128	2926000.0
7330	14966	128	2932000.0
7357	15199	128	2942800.0
7374	15452	128	2949600.0
7418	15721	128	2967200.0
7423	15976	128	2969200.0
7423	16189	128	2969200.0
7425	16404	128	2970000.0
7425	16629	128	2970000.0
7425	16854	128	2970000.0
7430	17136	128	2972000.0
7430	17369	128	2972000.0
7432	17652	128	2972800.0
7432	17877	128	2972800.0
7432	18102	128	2972800.0
7432	18389	128	2972800.0
7451	18703	128	2980400.0
7451	18977	128	2980400.0
7451	19202	128	2980400.0
7451	19427	128	2980400.0
7451	19652	128	2980400.0
7462	19859	128	2984800.0
7462	20072	128	2984800.0
7462	20285	128	2984800.0
7462	20498	128	2984800.0
7462	20723	128	2984800.0
7462	20915	128	2984800.0
7462	21074	128	2984800.0
272	0	128	108800.0
421	123	128	168400.0
586	230	128	234400.0
756	332	128	302400.0
911	449	128	364400.0
1056	576	128	422400.0
1170	699	128	468000.0
1287	819	128	514800.0
1409	934	128	563600.0
1561	1054	128	624400.0
1703	1184	128	681200.0
1860	1299	128	744000.0
2007	1424	128	802800.0
2159	1544	128	863600.0
2306	1669	128	922400.0
2461	1786	128	984400.0
2613	1906	128	1045200.0
2750	2041	128	1100000.0
2894	2169	128	1157600.0
3043	2292	128	1217200.0
3200	2407	128	1280000.0
3367	2512	128	1346800.0
3521	2630	128	1408400.0
3656	2767	128	1462400.0
3791	2904	128	1516400.0
3928	3039	128	1571200.0
4065	3174	128	1626000.0
4195	3316	128	1678000.0
4324	3459	128	1729600.0
4440	3615	128	1776000.0
4587	3740	128	1834800.0
4716	3883	128	1886400.0
4834	4037	128	1933600.0
4978	4165	128	1991200.0
5131	4284	128	2052400.0
5261	4426	128	2104400.0
5398	4561	128	2159200.0
5547	4684	128	2218800.0
5694	4809	128	2277600.0
5864	4911	128	2345600.0
5999	5048	128	2399600.0
6106	5225	128	2442400.0
6141	5432	128	2456400.0
6177	5638	128	2470800.0
6187	5826	128	2474800.0
6192	6019	128	2476800.0
6210	6197	128	2484000.0
6210	6395	128	2484000.0
6210	6593	128	2484000.0
6210	6791	128	2484000.0
6212	6992	128	2484800.0
6212	7195	128	2484800.0
6212	7393	128	2484800.0
6230	7573	128	2492000.0
6230	7773	128	2492000.0
6248	7955	128	2499200.0
6266	8135	128	2506400.0
6266	8335	128	2506400.0
6266	8535	128	2506400.0
6266	8735	128	2506400.0
6310	8935	128	2524000.0
6369	9164	128	2547600.0
6438	9381	128	2575200.0
6463	9600	128	2585200.0
6499	9808	128	2599600.0
6550	10004	128	2620000.0
6608	10234	128	2643200.0
6685	10447	128	2674000.0
6715	10663	128	2686000.0
6730	10850	128	2692000.0
6740	11042	128	2696000.0
6740	11244	128	2696000.0
6772	11459	128	2708800.0
6813	11662	128	2725200.0
6828	11847	128	2731200.0
6856	12017	128	2742400.0
6861	12212	128	2744400.0
6861	12412	128	2744400.0
6868	12609	128	2747200.0
6868	12809	128	2747200.0
6903	13018	128	2761200.0
6967	13242	128	2786800.0
7058	13439	128	2823200.0
7147	13636	128	2858800.0
7172	13853	128	2868800.0
7203	14064	128	2881200.0
7239	14272	128	2895600.0
7293	14508	128	2917200.0
7313	14734	128	2925200.0
7318	14931	128	2927200.0
7321	15140	128	2928400.0
7321	15360	128	2928400.0
7321	15580	128	2928400.0
7332	15843	128	2932800.0
7332	16071	128	2932800.0
7333	16346	128	2933200.0
7333	16566	128	2933200.0
7333	16786	128	2933200.0
7333	17063	128	2933200.0
7361	17353	128	2944400.0
7376	17608	128	2950400.0
7376	17828	128	2950400.0
7376	18048	128	2950400.0
7376	18268	128	2950400.0
7391	18455	128	2956400.0
7391	18657	128	2956400.0
7391	18859	128	2956400.0
7391	19061	128	2956400.0
7391	19281	128	2956400.0
7391	19467	128	2956400.0
7391	19619	128	2956400.0
112	0	112	44800.0
140	84	128	56000.0
177	159	128	70800.0
227	221	128	90800.0
274	286	128	109600.0
297	375	128	118800.0
326	451	128	130400.0
353	529	128	141200.0
393	594	128	157200.0
431	668	128	172400.0
471	740	128	188400.0
521	802	128	208400.0
567	868	128	226800.0
613	934	128	245200.0
661	998	128	264400.0
709	1062	128	283600.0
759	1124	128	303600.0
804	1191	128	321600.0
849	1258	128	339600.0
895	1324	128	358000.0
943	1388	128	377200.0
998	1445	128	399200.0
1044	1511	128	417600.0
1069	1598	128	427600.0
1094	1685	128	437600.0
1139	1752	128	455600.0
1179	1824	128	471600.0
1205	1910	128	482000.0
1233	1994	128	493200.0
1257	2082	128	502800.0
1303	2148	128	521200.0
1347	2216	128	538800.0
1378	2297	128	551200.0
1418	2369	128	567200.0
1466	2433	128	586400.0
1510	2501	128	604000.0
1554	2569	128	621600.0
1605	2630	128	642000.0
1659	2688	128	663600.0
1707	2752	128	682800.0
1750	2821	128	700000.0
1783	2936	128	713200.0
1787	3058	128	714800.0
1806	3163	128	722400.0
1806	3261	128	722400.0
1806	3359	128	722400.0
1816	3445	128	726400.0
1816	3543	128	726400.0
1816	3641	128	726400.0
1816	3739	128	726400.0
1816	3837	128	726400.0
1816	3935	128	726400.0
1816	4033	128	726400.0
1826	4119	128	730400.0
1826	4217	128	730400.0
1836	4303	128	734400.0
1846	4389	128	738400.0
1846	4487	128	738400.0
1846	4585	128	738400.0
1846	4683	128	738400.0
1873	4782	128	749200.0
1901	4908	128	760400.0
1927	5034	128	770800.0
1931	5156	128	772400.0
1949	5262	128	779600.0
1957	5380	128	782800.0
1965	5526	128	786000.0
1980	5665	128	792000.0
1986	5785	128	794400.0
1986	5883	128	794400.0
1986	5981	128	794400.0
1986	6079	128	794400.0
1988	6203	128	795200.0
2008	6307	128	803200.0
2011	6402	128	804400.0
2021	6488	128	808400.0
2022	6585	128	808800.0
2022	6683	128	808800.0
2022	6781	128	808800.0
2022	6879	128	808800.0
2029	6998	128	811600.0
2046	7135	128	818400.0
2072	7263	128	828800.0
2109	7380	128	843600.0
2114	7501	128	845600.0
2133	7606	128	853200.0
2155	7708	128	862000.0
2179	7838	128	871600.0
2181	7962	128	872400.0
2181	8060	128	872400.0
2188	8185	128	875200.0
2188	8325	128	875200.0
2188	8465	128	875200.0
2199	8634	128	879600.0
2200	8781	128	880000.0
2200	8963	128	880000.0
2200	9103	128	880000.0
2200	9243	128	880000.0
2200	9425	128	880000.0
2212	9635	128	884800.0
2212	9817	128	884800.0
2212	9957	128	884800.0
2212	10097	128	884800.0
2212	10237	128	884800.0
2215	10332	128	886000.0
2215	10430	128	886000.0
2215	10528	128	886000.0
2215	10626	128	886000.0
2215	10766	128	886000.0
2215	10880	128	886000.0
2215	10968	128	886000.0
112	0	112	44800.0
140	84	128	56000.0
172	164	128	68800.0
209	239	128	83600.0
244	316	128	97600.0
265	407	128	106000.0
298	479	128	119200.0
330	552	128	132000.0
367	620	128	146800.0
400	699	128	160000.0
435	776	128	174000.0
472	851	128	188800.0
508	927	128	203200.0
545	1002	128	218000.0
581	1078	128	232400.0
616	1155	128	246400.0
652	1231	128	260800.0
688	1307	128	275200.0
724	1383	128	289600.0
760	1459	128	304000.0
794	1537	128	317600.0
830	1613	128	332000.0
869	1686	128	347600.0
881	1786	128	352400.0
900	1879	128	360000.0
939	1952	128	375600.0
968	2035	128	387200.0
986	2129	128	394400.0
1023	2204	128	409200.0
1054	2285	128	421600.0
1099	2352	128	439600.0
1144	2419	128	457600.0
1161	2514	128	464400.0
1190	2597	128	476000.0
1226	2673	128	490400.0
1263	2748	128	505200.0
1298	2825	128	519200.0
1335	2900	128	534000.0
1371	2976	128	548400.0
1406	3053	128	562400.0
1437	3134	128	574800.0
1464	3255	128	585600.0
1469	3376	128	587600.0
1490	3479	128	596000.0
1496	3571	128	598400.0
1497	3668	128	598800.0
1507	3754	128	602800.0
1507	3852	128	602800.0
1507	3950	128	602800.0
1507	4048	128	602800.0
1509	4144	128	603600.0
1509	4242	128	603600.0
1509	4340	128	603600.0
1519	4426	128	607600.0
1519	4524	128	607600.0
1529	4610	128	611600.0
1539	4696	128	615600.0
1539	4794	128	615600.0
1539	4892	128	615600.0
1539	4990	128	615600.0
1566	5089	128	626400.0
1598	5211	128	639200.0
1635	5326	128	654000.0
1642	5445	128	656800.0
1663	5548	128	665200.0
1672	5665	128	668800.0
1690	5801	128	676000.0
1709	5936	128	683600.0
1716	6055	128	686400.0
1717	6152	128	686800.0
1717	6250	128	686800.0
1717	6348	128	686800.0
1721	6470	128	688400.0
1739	6576	128	695600.0
1743	6670	128	697200.0
1753	6756	128	701200.0
1754	6853	124	701600.0
1754	6951	124	701600.0
1754	7049	124	701600.0
1754	7147	124	701600.0
1760	7267	128	704000.0
1774	7407	128	709600.0
1800	7535	128	720000.0
1833	7654	128	733200.0
1838	7775	128	735200.0
1859	7878	128	743600.0
1880	7981	128	752000.0
1905	8110	128	762000.0
1911	8230	128	764400.0
1912	8327	128	764800.0
1919	8452	128	767600.0
1920	8591	126	768000.0
1920	8731	126	768000.0
1930	8901	128	772000.0
1931	9048	128	772400.0
1932	9229	128	772800.0
1932	9369	128	772800.0
1932	9509	128	772800.0
1932	9691	128	772800.0
1944	9901	128	777600.0
1948	10079	128	779200.0
1949	10218	128	779600.0
1950	10357	128	780000.0
1951	10496	128	780400.0
1952	10593	128	780800.0
1952	10691	128	780800.0
1952	10789	128	780800.0
1952	10887	128	780800.0
1952	11027	128	780800.0
1952	11141	128	780800.0
1952	11229	128	780800.0
112	0	112	44800.0
140	84	128	56000.0
177	159	128	70800.0
227	221	128	90800.0
274	286	128	109600.0
297	375	128	118800.0
326	451	128	130400.0
353	529	128	141200.0
393	594	128	157200.0
431	668	128	172400.0
471	740	128	188400.0
521	802	128	208400.0
567	868	128	226800.0
613	934	128	245200.0
661	998	128	264400.0
709	1062	128	283600.0
759	1124	128	303600.0
804	1191	128	321600.0
849	1258	128	339600.0
895	1324	128	358000.0
943	1388	128	377200.0
998	1445	128	399200.0
1044	1511	128	417600.0
1069	1598	128	427600.0
1094	1685	128	437600.0
1139	1752	128	455600.0
1179	1824	128	471600.0
1205	1910	128	482000.0
1233	1994	128	493200.0
1257	2082	128	502800.0
1303	2148	128	521200.0
1347	2216	128	538800.0
1378	2297	128	551200.0
1418	2369	128	567200.0
1466	2433	128	586400.0
1510	2501	128	604000.0
1554	2569	128	621600.0
1605	2630	128	642000.0
1659	2688	128	663600.0
1707	2752	128	682800.0
1750	2821	128	700000.0
1783	2936	128	713200.0
1787	3058	128	714800.0
1806	3163	128	722400.0
1806	3261	128	722400.0
1806	3359	128	722400.0
1816	3445	128	726400.0
1816	3543	128	726400.0
1816	3641	128	726400.0
1816	3739	128	726400.0
1816	3837	128	726400.0
1816	3935	128	726400.0
1816	4033	128	726400.0
1826	4119	128	730400.0
1826	4217	128	730400.0
1836	4303	128	734400.0
1846	4389	128	738400.0
1846	4487	128	738400.0
1846	4585	128	738400.0
1846	4683	128	738400.0
1873	4782	128	749200.0
1901	4908	128	760400.0
1927	5034	128	770800.0
1931	5156	128	772400.0
1949	5262	128	779600.0
1957	5380	128	782800.0
1965	5526	128	786000.0
1980	5665	128	792000.0
1986	5785	128	794400.0
1986	5883	128	794400.0
1986	5981	128	794400.0
1986	6079	128	794400.0
1988	6203	128	795200.0
2008	6307	128	803200.0
2011	6402	128	804400.0
2021	6488	128	808400.0
2022	6585	128	808800.0
2022	6683	128	808800.0
2022	6781	128	808800.0
2022	6879	128	808800.0
2029	6998	128	811600.0
2046	7135	128	818400.0
2072	7263	128	828800.0
2109	7380	128	843600.0
2114	7501	128	845600.0
2133	7606	128	853200.0
2155	7708	128	862000.0
2179	7838	128	871600.0
2181	7962	128	872400.0
2181	8060	128	872400.0
2188	8185	128	875200.0
2188	8325	128	875200.0
2188	8465	128	875200.0
2199	8634	128	879600.0
2200	8781	128	880000.0
2200	8963	128	880000.0
2200	9103	128	880000.0
2200	9243	128	880000.0
2200	9425	128	880000.0
2212	9635	128	884800.0
2212	9817	128	884800.0
2212	9957	128	884800.0
2212	10097	128	884800.0
2212	10237	128	884800.0
2215	10332	128	886000.0
2215	10430	128	886000.0
2215	10528	128	886000.0
2215	10626	128	886000.0
2215	10766	128	886000.0
2215	10880	128	886000.0
2215	10968	128	886000.0
112	0	112	44800.0
140	84	128	56000.0
173	163	128	69200.0
222	226	128	88800.0
269	291	128	107600.0
294	378	128	117600.0
326	451	128	130400.0
353	529	128	141200.0
396	591	128	158400.0
432	667	128	172800.0
477	734	128	190800.0
523	800	128	209200.0
569	866	128	227600.0
616	931	128	246400.0
663	996	128	265200.0
710	1061	128	284000.0
757	1126	128	302800.0
802	1193	128	320800.0
848	1259	128	339200.0
894	1325	128	357600.0
940	1391	128	376000.0
987	1456	128	394800.0
1031	1524	128	412400.0
1053	1614	128	421200.0
1079	1700	128	431600.0
1123	1768	128	449200.0
1156	1847	128	462400.0
1182	1933	128	472800.0
1209	2018	128	483600.0
1241	2098	128	496400.0
1291	2160	128	516400.0
1338	2225	128	535200.0
1361	2314	128	544400.0
1397	2390	128	558800.0
1445	2454	128	578000.0
1489	2522	128	595600.0
1533	2590	128	613200.0
1578	2657	128	631200.0
1625	2722	128	650000.0
1672	2787	128	668800.0
1714	2857	128	685600.0
1752	2967	128	700800.0
1760	3085	128	704000.0
1781	3188	128	712400.0
1781	3286	128	712400.0
1781	3384	128	712400.0
1791	3470	128	716400.0
1791	3568	128	716400.0
1791	3666	128	716400.0
1791	3764	128	716400.0
1791	3862	128	716400.0
1791	3960	128	716400.0
1791	4058	128	716400.0
1801	4144	128	720400.0
1801	4242	128	720400.0
1811	4328	128	724400.0
1821	4414	128	728400.0
1821	4512	128	728400.0
1821	4610	128	728400.0
1821	4708	128	728400.0
1846	4809	128	738400.0
1874	4935	128	749600.0
1900	5061	128	760000.0
1902	5185	128	760800.0
1920	5291	128	768000.0
1926	5411	128	770400.0
1933	5558	128	773200.0
1947	5698	128	778800.0
1952	5819	128	780800.0
1952	5917	128	780800.0
1952	6015	128	780800.0
1952	6113	128	780800.0
1955	6236	128	782000.0
1976	6339	128	790400.0
1978	6435	128	791200.0
1988	6521	128	795200.0
1988	6619	128	795200.0
1988	6717	128	795200.0
1988	6815	128	795200.0
1988	6913	128	795200.0
1995	7032	128	798000.0
2010	7171	128	804000.0
2037	7298	128	814800.0
2073	7416	128	829200.0
2078	7537	128	831200.0
2098	7641	128	839200.0
2118	7745	128	847200.0
2141	7876	128	856400.0
2141	8002	128	856400.0
2141	8100	128	856400.0
2148	8225	128	859200.0
2148	8365	128	859200.0
2148	8505	128	859200.0
2157	8676	128	862800.0
2158	8823	128	863200.0
2158	9005	128	863200.0
2158	9145	128	863200.0
2158	9285	128	863200.0
2158	9467	128	863200.0
2170	9677	128	868000.0
2170	9859	128	868000.0
2170	9999	128	868000.0
2170	10139	128	868000.0
2170	10279	128	868000.0
2173	10374	128	869200.0
2173	10472	128	869200.0
2173	10570	128	869200.0
2173	10668	128	869200.0
2173	10808	128	869200.0
2173	10922	128	869200.0
2173	11010	128	869200.0
112	0	112	44800.0
140	84	128	56000.0
173	163	128	69200.0
222	226	128	88800.0
269	291	128	107600.0
294	378	128	117600.0
326	451	128	130400.0
353	529	128	141200.0
396	591	128	158400.0
432	667	128	172800.0
477	734	128	190800.0
523	800	128	209200.0
569	866	128	227600.0
616	931	128	246400.0
663	996	128	265200.0
710	1061	128	284000.0
757	1126	128	302800.0
802	1193	128	320800.0
848	1259	128	339200.0
894	1325	128	357600.0
940	1391	128	376000.0
987	1456	128	394800.0
1031	1524	128	412400.0
1053	1614	128	421200.0
1079	1700	128	431600.0
1123	1768	128	449200.0
1156	1847	128	462400.0
1182	1933	128	472800.0
1209	2018	128	483600.0
1241	2098	128	496400.0
1291	2160	128	516400.0
1338	2225	128	535200.0
1361	2314	128	544400.0
1397	2390	128	558800.0
1445	2454	128	578000.0
1489	2522	128	595600.0
1533	2590	128	613200.0
1578	2657	128	631200.0
1625	2722	128	650000.0
1672	2787	128	668800.0
1714	2857	128	685600.0
1752	2967	128	700800.0
1760	3085	128	704000.0
1781	3188	128	712400.0
1781	3286	128	712400.0
1781	3384	128	712400.0
1791	3470	128	716400.0
1791	3568	128	716400.0
1791	3666	128	716400.0
1791	3764	128	716400.0
1791	3862	128	716400.0
1791	3960	128	716400.0
1791	4058	128	716400.0
1801	4144	128	720400.0
1801	4242	128	720400.0
1811	4328	128	724400.0
1821	4414	128	728400.0
1821	4512	128	728400.0
1821	4610	128	728400.0
1821	4708	128	728400.0
1846	4809	128	738400.0
1874	4935	128	749600.0
1900	5061	128	760000.0
1902	5185	128	760800.0
1920	5291	128	768000.0
1926	5411	128	770400.0
1933	5558	128	773200.0
1947	5698	128	778800.0
1952	5819	128	780800.0
1952	5917	128	780800.0
1952	6015	128	780800.0
1952	6113	128	780800.0
1955	6236	128	782000.0
1976	6339	128	790400.0
1978	6435	128	791200.0
1988	6521	128	795200.0
1988	6619	128	795200.0
1988	6717	128	795200.0
1988	6815	128	795200.0
1988	6913	128	795200.0
1995	7032	128	798000.0
2010	7171	128	804000.0
2037	7298	128	814800.0
2073	7416	128	829200.0
2078	7537	128	831200.0
2098	7641	128	839200.0
2118	7745	128	847200.0
2141	7876	128	856400.0
2141	8002	128	856400.0
2141	8100	128	856400.0
2148	8225	128	859200.0
2148	8365	128	859200.0
2148	8505	128	859200.0
2157	8676	128	862800.0
2158	8823	128	863200.0
2158	9005	128	863200.0
2158	9145	128	863200.0
2158	9285	128	863200.0
2158	9467	128	863200.0
2170	9677	128	868000.0
2170	9859	128	868000.0
2170	9999	128	868000.0
2170	10139	128	868000.0
2170	10279	128	868000.0
2173	10374	128	869200.0
2173	10472	128	869200.0
2173	10570	128	869200.0
2173	10668	128	869200.0
2173	10808	128	869200.0
2173	10922	128	869200.0
2173	11010	128	869200.0
112	0	112	44800.0
140	84	128	56000.0
173	163	128	69200.0
219	229	128	87600.0
264	296	128	105600.0
288	384	128	115200.0
321	456	128	128400.0
343	539	128	137200.0
383	604	128	153200.0
416	683	128	166400.0
458	753	128	183200.0
501	822	128	200400.0
544	891	128	217600.0
588	959	128	235200.0
634	1025	128	253600.0
679	1092	128	271600.0
725	1158	128	290000.0
767	1228	128	306800.0
809	1298	128	323600.0
851	1368	128	340400.0
894	1437	128	357600.0
938	1505	128	375200.0
984	1571	128	393600.0
1002	1665	128	400800.0
1022	1757	128	408800.0
1062	1829	128	424800.0
1095	1908	128	438000.0
1122	1993	128	448800.0
1152	2075	128	460800.0
1181	2158	128	472400.0
1228	2223	128	491200.0
1274	2289	128	509600.0
1295	2380	128	518000.0
1328	2459	128	531200.0
1373	2526	128	549200.0
1413	2598	128	565200.0
1456	2667	128	582400.0
1498	2737	128	599200.0
1542	2805	128	616800.0
1586	2873	128	634400.0
1625	2946	128	650000.0
1662	3057	128	664800.0
1670	3175	128	668000.0
1690	3279	128	676000.0
1690	3377	128	676000.0
1690	3475	128	676000.0
1700	3561	128	680000.0
1700	3659	128	680000.0
1700	3757	128	680000.0
1700	3855	128	680000.0
1700	3953	128	680000.0
1700	4051	128	680000.0
1700	4149	128	680000.0
1710	4235	128	684000.0
1710	4333	128	684000.0
1720	4419	128	688000.0
1730	4505	128	692000.0
1730	4603	128	692000.0
1730	4701	128	692000.0
1730	4799	128	692000.0
1755	4900	128	702000.0
1783	5026	128	713200.0
1809	5152	128	723600.0
1811	5276	128	724400.0
1829	5382	128	731600.0
1835	5502	128	734000.0
1843	5648	128	737200.0
1858	5787	128	743200.0
1863	5908	128	745200.0
1863	6006	128	745200.0
1863	6104	128	745200.0
1863	6202	128	745200.0
1866	6325	128	746400.0
1887	6428	128	754800.0
1889	6524	128	755600.0
1899	6610	128	759600.0
1899	6708	128	759600.0
1899	6806	128	759600.0
1899	6904	128	759600.0
1899	7002	128	759600.0
1906	7121	128	762400.0
1921	7260	128	768400.0
1947	7388	128	778800.0
1981	7506	128	792400.0
1986	7627	128	794400.0
2006	7731	128	802400.0
2026	7835	128	810400.0
2049	7966	128	819600.0
2049	8092	128	819600.0
2049	8190	128	819600.0
2056	8315	128	822400.0
2056	8455	128	822400.0
2056	8595	128	822400.0
2065	8766	128	826000.0
2066	8913	128	826400.0
2066	9095	128	826400.0
2066	9235	128	826400.0
2066	9375	128	826400.0
2066	9557	128	826400.0
2078	9767	128	831200.0
2079	9948	128	831600.0
2079	10088	128	831600.0
2079	10228	128	831600.0
2079	10368	128	831600.0
2082	10463	128	832800.0
2082	10561	128	832800.0
2082	10659	128	832800.0
2082	10757	128	832800.0
2082	10897	128	832800.0
2082	11011	128	832800.0
2082	11099	128	832800.0
112	0	112	44800.0
140	84	128	56000.0
173	163	128	69200.0
216	232	128	86400.0
258	302	128	103200.0
279	393	128	111600.0
312	465	128	124800.0
339	543	128	135600.0
381	606	128	152400.0
411	688	128	164400.0
451	760	128	180400.0
493	830	128	197200.0
534	901	128	213600.0
575	972	128	230000.0
615	1044	128	246000.0
655	1116	128	262000.0
695	1188	128	278000.0
732	1263	128	292800.0
769	1338	128	307600.0
808	1411	128	323200.0
847	1484	128	338800.0
887	1556	128	354800.0
929	1626	128	371600.0
943	1724	128	377200.0
966	1813	128	386400.0
1008	1883	128	403200.0
1041	1962	128	416400.0
1064	2051	128	425600.0
1104	2123	128	441600.0
1138	2201	128	455200.0
1187	2264	128	474800.0
1233	2330	128	493200.0
1252	2423	128	500800.0
1282	2505	128	512800.0
1325	2574	128	530000.0
1362	2649	128	544800.0
1401	2722	128	560400.0
1440	2795	128	576000.0
1481	2866	128	592400.0
1522	2937	128	608800.0
1558	3013	128	623200.0
1589	3130	128	635600.0
1595	3250	128	638000.0
1615	3354	128	646000.0
1615	3452	128	646000.0
1615	3550	128	646000.0
1625	3636	128	650000.0
1625	3734	128	650000.0
1625	3832	128	650000.0
1625	3930	128	650000.0
1625	4028	128	650000.0
1625	4126	128	650000.0
1625	4224	128	650000.0
1635	4310	128	654000.0
1635	4408	128	654000.0
1645	4494	128	658000.0
1655	4580	128	662000.0
1655	4678	128	662000.0
1655	4776	128	662000.0
1655	4874	128	662000.0
1680	4975	128	672000.0
1708	5101	128	683200.0
1734	5227	128	693600.0
1736	5351	128	694400.0
1754	5457	128	701600.0
1761	5576	128	704400.0
1768	5723	128	707200.0
1782	5863	128	712800.0
1787	5984	128	714800.0
1787	6082	128	714800.0
1787	6180	128	714800.0
1787	6278	128	714800.0
1790	6401	128	716000.0
1811	6504	128	724400.0
1813	6600	128	725200.0
1823	6686	128	729200.0
1823	6784	128	729200.0
1823	6882	128	729200.0
1823	6980	128	729200.0
1823	7078	128	729200.0
1830	7197	128	732000.0
1846	7335	128	738400.0
1871	7464	128	748400.0
1906	7581	128	762400.0
1911	7702	128	764400.0
1931	7806	128	772400.0
1951	7910	128	780400.0
1974	8041	128	789600.0
1974	8167	128	789600.0
1974	8265	128	789600.0
1981	8390	128	792400.0
1981	8530	128	792400.0
1981	8670	128	792400.0
1990	8841	128	796000.0
1991	8988	128	796400.0
1991	9170	128	796400.0
1991	9310	128	796400.0
1991	9450	128	796400.0
1991	9632	128	796400.0
2003	9842	128	801200.0
2003	10024	128	801200.0
2003	10164	128	801200.0
2003	10304	128	801200.0
2003	10444	128	801200.0
2006	10539	128	802400.0
2006	10637	128	802400.0
2006	10735	128	802400.0
2006	10833	128	802400.0
2006	10973	128	802400.0
2006	11087	128	802400.0
2006	11175	128	802400.0
112	0	112	44800.0
140	84	128	56000.0
173	163	128	69200.0
216	232	128	86400.0
258	302	128	103200.0
279	393	128	111600.0
312	465	128	124800.0
334	548	128	133600.0
371	616	128	148400.0
404	695	128	161600.0
443	768	128	177200.0
483	840	128	193200.0
524	911	128	209600.0
565	982	128	226000.0
606	1053	128	242400.0
647	1124	128	258800.0
688	1195	128	275200.0
726	1269	128	290400.0
766	1341	128	306400.0
806	1413	128	322400.0
847	1484	128	338800.0
886	1557	128	354400.0
928	1627	128	371200.0
942	1725	128	376800.0
965	1814	128	386000.0
1007	1884	128	402800.0
1040	1963	128	416000.0
1063	2052	128	425200.0
1098	2129	128	439200.0
1133	2206	128	453200.0
1179	2272	128	471600.0
1224	2339	128	489600.0
1241	2434	128	496400.0
1275	2512	128	510000.0
1314	2585	128	525600.0
1353	2658	128	541200.0
1393	2730	128	557200.0
1433	2802	128	573200.0
1474	2873	128	589600.0
1514	2945	128	605600.0
1550	3021	128	620000.0
1579	3140	128	631600.0
1585	3260	128	634000.0
1605	3364	128	642000.0
1605	3462	128	642000.0
1605	3560	128	642000.0
1615	3646	128	646000.0
1615	3744	128	646000.0
1615	3842	128	646000.0
1615	3940	128	646000.0
1615	4038	128	646000.0
1615	4136	128	646000.0
1615	4234	128	646000.0
1625	4320	128	650000.0
1625	4418	128	650000.0
1635	4504	128	654000.0
1645	4590	128	658000.0
1645	4688	128	658000.0
1645	4786	128	658000.0
1645	4884	128	658000.0
1670	4985	128	668000.0
1698	5111	128	679200.0
1724	5237	128	689600.0
1726	5361	128	690400.0
1744	5467	128	697600.0
1751	5586	128	700400.0
1759	5732	128	703600.0
1774	5871	128	709600.0
1779	5992	128	711600.0
1779	6090	128	711600.0
1779	6188	128	711600.0
1779	6286	128	711600.0
1782	6409	128	712800.0
1803	6512	128	721200.0
1805	6608	128	722000.0
1815	6694	128	726000.0
1815	6792	128	726000.0
1815	6890	128	726000.0
1815	6988	128	726000.0
1815	7086	128	726000.0
1822	7205	128	728800.0
1838	7343	128	735200.0
1862	7473	128	744800.0
1896	7591	128	758400.0
1900	7713	128	760000.0
1919	7818	128	767600.0
1940	7921	128	776000.0
1963	8052	128	785200.0
1963	8178	128	785200.0
1963	8276	128	785200.0
1970	8401	128	788000.0
1970	8541	128	788000.0
1970	8681	128	788000.0
1979	8852	128	791600.0
1980	8999	128	792000.0
1980	9181	128	792000.0
1980	9321	128	792000.0
1980	9461	128	792000.0
1980	9643	128	792000.0
1992	9853	128	796800.0
1993	10034	128	797200.0
1993	10174	128	797200.0
1993	10314	128	797200.0
1993	10454	128	797200.0
1996	10549	128	798400.0
1996	10647	128	798400.0
1996	10745	128	798400.0
1996	10843	128	798400.0
1996	10983	128	798400.0
1996	11097	128	798400.0
1996	11185	128	798400.0
112	0	112	44800.0
140	84	128	56000.0
173	163	128	69200.0
215	233	128	86000.0
257	303	128	102800.0
278	394	128	111200.0
309	468	128	123600.0
335	547	128	134000.0
372	615	128	148800.0
403	696	128	161200.0
442	769	128	176800.0
481	842	128	192400.0
522	913	128	208800.0
563	984	128	225200.0
604	1055	128	241600.0
645	1126	128	258000.0
685	1198	128	274000.0
722	1273	128	288800.0
761	1346	128	304400.0
801	1418	128	320400.0
841	1490	128	336400.0
881	1562	128	352400.0
924	1631	128	369600.0
938	1729	128	375200.0
958	1821	128	383200.0
1000	1891	128	400000.0
1033	1970	128	413200.0
1056	2059	128	422400.0
1094	2133	128	437600.0
1129	2210	128	451600.0
1175	2276	128	470000.0
1220	2343	128	488000.0
1236	2439	128	494400.0
1269	2518	128	507600.0
1312	2587	128	524800.0
1349	2662	128	539600.0
1388	2735	128	555200.0
1428	2807	128	571200.0
1469	2878	128	587600.0
1510	2949	128	604000.0
1546	3025	128	618400.0
1575	3144	128	630000.0
1581	3264	128	632400.0
1602	3367	128	640800.0
1603	3464	128	641200.0
1603	3562	128	641200.0
1613	3648	128	645200.0
1613	3746	128	645200.0
1613	3844	128	645200.0
1613	3942	128	645200.0
1613	4040	128	645200.0
1613	4138	128	645200.0
1613	4236	128	645200.0
1623	4322	128	649200.0
1623	4420	128	649200.0
1633	4506	128	653200.0
1643	4592	128	657200.0
1643	4690	128	657200.0
1643	4788	128	657200.0
1643	4886	128	657200.0
1668	4987	128	667200.0
1696	5113	128	678400.0
1724	5237	128	689600.0
1727	5360	128	690800.0
1745	5466	128	698000.0
1751	5586	128	700400.0
1759	5732	128	703600.0
1774	5871	128	709600.0
1776	5995	128	710400.0
1776	6093	128	710400.0
1776	6191	128	710400.0
1776	6289	128	710400.0
1777	6414	128	710800.0
1796	6519	128	718400.0
1799	6614	128	719600.0
1809	6700	128	723600.0
1809	6798	128	723600.0
1809	6896	128	723600.0
1810	6993	128	724000.0
1810	7091	128	724000.0
1816	7211	128	726400.0
1831	7350	128	732400.0
1854	7481	128	741600.0
1885	7602	128	754000.0
1889	7724	128	755600.0
1909	7828	128	763600.0
1927	7934	128	770800.0
1949	8066	128	779600.0
1952	8189	128	780800.0
1952	8287	128	780800.0
1959	8412	128	783600.0
1959	8552	128	783600.0
1959	8692	128	783600.0
1967	8864	128	786800.0
1968	9011	128	787200.0
1969	9192	128	787600.0
1969	9332	128	787600.0
1969	9472	128	787600.0
1969	9654	128	787600.0
1980	9865	128	792000.0
1983	10044	128	793200.0
1983	10184	128	793200.0
1983	10324	128	793200.0
1983	10464	128	793200.0
1984	10561	128	793600.0
1984	10659	128	793600.0
1984	10757	128	793600.0
1984	10855	128	793600.0
1984	10995	128	793600.0
1984	11109	128	793600.0
1984	11197	128	793600.0
112	0	112	44800.0
140	84	128	56000.0
173	163	128	69200.0
216	232	128	86400.0
256	304	128	102400.0
276	396	128	110400.0
307	470	128	122800.0
328	554	128	131200.0
366	621	128	146400.0
398	701	128	159200.0
437	774	128	174800.0
476	847	128	190400.0
517	918	128	206800.0
558	989	128	223200.0
599	1060	128	239600.0
640	1131	128	256000.0
681	1202	128	272400.0
719	1276	128	287600.0
758	1349	128	303200.0
797	1422	128	318800.0
837	1494	128	334800.0
876	1567	128	350400.0
919	1636	128	367600.0
935	1732	128	374000.0
952	1827	128	380800.0
994	1897	128	397600.0
1027	1976	128	410800.0
1050	2065	128	420000.0
1088	2139	128	435200.0
1123	2216	128	449200.0
1169	2282	128	467600.0
1214	2349	128	485600.0
1230	2445	128	492000.0
1258	2529	128	503200.0
1298	2601	128	519200.0
1337	2674	128	534800.0
1377	2746	128	550800.0
1416	2819	128	566400.0
1456	2891	128	582400.0
1494	2965	128	597600.0
1531	3040	128	612400.0
1561	3158	128	624400.0
1567	3278	128	626800.0
1589	3380	128	635600.0
1592	3475	128	636800.0
1592	3573	128	636800.0
1602	3659	128	640800.0
1602	3757	128	640800.0
1602	3855	128	640800.0
1602	3953	128	640800.0
1602	4051	128	640800.0
1602	4149	128	640800.0
1602	4247	128	640800.0
1612	4333	128	644800.0
1612	4431	128	644800.0
1622	4517	128	648800.0
1632	4603	128	652800.0
1632	4701	128	652800.0
1632	4799	128	652800.0
1632	4897	128	652800.0
1659	4996	128	663600.0
1687	5122	128	674800.0
1717	5244	128	686800.0
1720	5367	128	688000.0
1739	5472	128	695600.0
1744	5593	128	697600.0
1751	5740	128	700400.0
1765	5880	128	706000.0
1768	6003	128	707200.0
1768	6101	128	707200.0
1768	6199	128	707200.0
1768	6297	128	707200.0
1770	6421	128	708000.0
1789	6526	128	715600.0
1792	6621	128	716800.0
1803	6706	128	721200.0
1803	6804	128	721200.0
1803	6902	128	721200.0
1804	6999	128	721600.0
1804	7097	128	721600.0
1809	7218	128	723600.0
1826	7355	128	730400.0
1850	7485	128	740000.0
1884	7603	128	753600.0
1888	7725	128	755200.0
1908	7829	128	763200.0
1926	7935	128	770400.0
1948	8067	128	779200.0
1951	8190	128	780400.0
1951	8288	128	780400.0
1958	8413	128	783200.0
1958	8553	128	783200.0
1958	8693	128	783200.0
1967	8864	128	786800.0
1968	9011	128	787200.0
1968	9193	128	787200.0
1968	9333	128	787200.0
1968	9473	128	787200.0
1968	9655	128	787200.0
1980	9865	128	792000.0
1982	10045	128	792800.0
1982	10185	128	792800.0
1982	10325	128	792800.0
1982	10465	128	792800.0
1984	10561	128	793600.0
1984	10659	128	793600.0
1984	10757	128	793600.0
1984	10855	128	793600.0
1984	10995	128	793600.0
1984	11109	128	793600.0
1984	11197	128	793600.0
112	0	112	44800.0
140	84	128	56000.0
173	163	128	69200.0
212	236	128	84800.0
251	309	128	100400.0
270	402	128	108000.0
302	475	128	120800.0
324	558	128	129600.0
362	625	128	144800.0
394	705	128	157600.0
432	779	128	172800.0
470	853	128	188000.0
509	926	128	203600.0
548	999	128	219200.0
587	1072	128	234800.0
626	1145	128	250400.0
665	1218	128	266000.0
702	1293	128	280800.0
740	1367	128	296000.0
778	1441	128	311200.0
816	1515	128	326400.0
854	1589	128	341600.0
897	1658	128	358800.0
909	1758	128	363600.0
922	1857	128	368800.0
960	1931	128	384000.0
993	2010	128	397200.0
1016	2099	128	406400.0
1051	2176	128	420400.0
1074	2265	128	429600.0
1116	2335	128	446400.0
1162	2401	128	464800.0
1182	2493	128	472800.0
1209	2578	128	483600.0
1247	2652	128	498800.0
1284	2727	128	513600.0
1322	2801	128	528800.0
1360	2875	128	544000.0
1397	2950	128	558800.0
1436	3023	128	574400.0
1470	3101	128	588000.0
1498	3221	128	599200.0
1504	3341	128	601600.0
1525	3444	128	610000.0
1529	3538	128	611600.0
1529	3636	128	611600.0
1539	3722	128	615600.0
1539	3820	128	615600.0
1539	3918	128	615600.0
1539	4016	128	615600.0
1539	4114	128	615600.0
1539	4212	128	615600.0
1539	4310	128	615600.0
1549	4396	128	619600.0
1549	4494	128	619600.0
1559	4580	128	623600.0
1569	4666	128	627600.0
1569	4764	128	627600.0
1569	4862	128	627600.0
1569	4960	128	627600.0
1596	5059	128	638400.0
1625	5184	128	650000.0
1658	5303	128	663200.0
1661	5426	128	664400.0
1680	5531	128	672000.0
1687	5650	128	674800.0
1699	5792	128	679600.0
1718	5927	128	687200.0
1721	6050	128	688400.0
1721	6148	128	688400.0
1721	6246	128	688400.0
1721	6344	128	688400.0
1723	6468	128	689200.0
1742	6573	128	696800.0
1746	6667	128	698400.0
1757	6752	128	702800.0
1757	6850	128	702800.0
1757	6948	128	702800.0
1758	7045	128	703200.0
1758	7143	128	703200.0
1763	7264	128	705200.0
1780	7401	128	712000.0
1807	7528	128	722800.0
1839	7648	128	735600.0
1843	7770	128	737200.0
1863	7874	128	745200.0
1881	7980	128	752400.0
1904	8111	128	761600.0
1909	8232	128	763600.0
1910	8329	128	764000.0
1917	8454	128	766800.0
1917	8594	128	766800.0
1917	8734	128	766800.0
1926	8905	128	770400.0
1926	9053	128	770400.0
1926	9235	128	770400.0
1926	9375	128	770400.0
1926	9515	128	770400.0
1926	9697	128	770400.0
1936	9909	128	774400.0
1939	10088	128	775600.0
1939	10228	128	775600.0
1939	10368	128	775600.0
1939	10508	128	775600.0
1940	10605	128	776000.0
1941	10702	128	776400.0
1941	10800	128	776400.0
1941	10898	128	776400.0
1941	11038	128	776400.0
1941	11152	128	776400.0
1941	11240	128	776400.0
112	0	112	44800.0
140	84	128	56000.0
172	164	128	68800.0
211	237	128	84400.0
250	310	128	100000.0
269	403	128	107600.0
301	476	128	120400.0
333	549	128	133200.0
371	616	128	148400.0
404	695	128	161600.0
442	769	128	176800.0
480	843	128	192000.0
519	916	128	207600.0
558	989	128	223200.0
596	1063	128	238400.0
634	1137	128	253600.0
673	1210	128	269200.0
710	1285	128	284000.0
748	1359	128	299200.0
786	1433	128	314400.0
823	1508	128	329200.0
861	1582	128	344400.0
902	1653	128	360800.0
914	1753	128	365600.0
932	1847	128	372800.0
973	1918	128	389200.0
1006	1997	128	402400.0
1029	2086	128	411600.0
1065	2162	128	426000.0
1096	2243	128	438400.0
1141	2310	128	456400.0
1186	2377	128	474400.0
1201	2474	128	480400.0
1228	2559	128	491200.0
1266	2633	128	506400.0
1303	2708	128	521200.0
1341	2782	128	536400.0
1379	2856	128	551600.0
1416	2931	128	566400.0
1455	3004	128	582000.0
1489	3082	128	595600.0
1517	3202	128	606800.0
1523	3322	128	609200.0
1544	3425	128	617600.0
1548	3519	128	619200.0
1548	3617	128	619200.0
1558	3703	128	623200.0
1558	3801	128	623200.0
1558	3899	128	623200.0
1558	3997	128	623200.0
1558	4095	128	623200.0
1558	4193	128	623200.0
1558	4291	128	623200.0
1568	4377	128	627200.0
1568	4475	128	627200.0
1578	4561	128	631200.0
1588	4647	128	635200.0
1588	4745	128	635200.0
1588	4843	128	635200.0
1588	4941	128	635200.0
1615	5040	128	646000.0
1644	5165	128	657600.0
1679	5282	128	671600.0
1683	5404	128	673200.0
1704	5507	128	681600.0
1711	5626	128	684400.0
1724	5767	128	689600.0
1744	5901	128	697600.0
1747	6024	128	698800.0
1747	6122	128	698800.0
1747	6220	128	698800.0
1747	6318	128	698800.0
1749	6442	128	699600.0
1767	6548	128	706800.0
1771	6642	128	708400.0
1781	6728	128	712400.0
1781	6826	128	712400.0
1781	6924	128	712400.0
1782	7021	128	712800.0
1782	7119	128	712800.0
1787	7240	128	714800.0
1801	7380	128	720400.0
1826	7509	128	730400.0
1857	7630	128	742800.0
1861	7752	128	744400.0
1881	7856	128	752400.0
1899	7962	128	759600.0
1922	8093	128	768800.0
1927	8214	128	770800.0
1928	8311	128	771200.0
1935	8436	128	774000.0
1936	8575	128	774400.0
1936	8715	128	774400.0
1945	8886	128	778000.0
1946	9033	128	778400.0
1947	9214	128	778800.0
1947	9354	128	778800.0
1947	9494	128	778800.0
1948	9675	128	779200.0
1959	9886	128	783600.0
1961	10066	128	784400.0
1961	10206	128	784400.0
1961	10346	128	784400.0
1961	10486	128	784400.0
1963	10582	128	785200.0
1965	10678	128	786000.0
1966	10775	128	786400.0
1967	10872	128	786800.0
1968	11011	128	787200.0
1968	11125	128	787200.0
1968	11213	128	787200.0
118	0	118	47200.0
146	90	128	58400.0
182	172	128	72800.0
225	247	128	90000.0
266	324	128	106400.0
288	420	128	115200.0
323	497	128	129200.0
350	583	128	140000.0
388	656	128	155200.0
427	735	128	170800.0
467	813	128	186800.0
508	890	128	203200.0
548	968	128	219200.0
588	1046	128	235200.0
630	1122	128	252000.0
671	1199	128	268400.0
712	1276	128	284800.0
753	1354	128	301200.0
794	1431	128	317600.0
836	1508	128	334400.0
879	1584	128	351600.0
922	1660	128	368800.0
968	1732	128	387200.0
984	1837	128	393600.0
1004	1935	128	401600.0
1047	2012	128	418800.0
1083	2094	128	433200.0
1107	2188	128	442800.0
1146	2268	128	458400.0
1180	2354	128	472000.0
1225	2427	128	490000.0
1273	2497	128	509200.0
1293	2597	128	517200.0
1330	2678	128	532000.0
1373	2754	128	549200.0
1414	2831	128	565600.0
1456	2908	128	582400.0
1497	2985	128	598800.0
1537	3063	128	614800.0
1578	3140	128	631200.0
1611	3225	128	644400.0
1638	3346	128	655200.0
1644	3466	128	657600.0
1664	3570	128	665600.0
1664	3668	128	665600.0
1664	3766	128	665600.0
1674	3852	128	669600.0
1674	3950	128	669600.0
1674	4048	128	669600.0
1674	4146	128	669600.0
1674	4244	128	669600.0
1674	4342	128	669600.0
1674	4440	128	669600.0
1684	4526	128	673600.0
1684	4624	128	673600.0
1694	4710	128	677600.0
1704	4796	128	681600.0
1704	4894	128	681600.0
1704	4992	128	681600.0
1704	5090	128	681600.0
1729	5191	128	691600.0
1757	5317	128	702800.0
1783	5443	128	713200.0
1785	5567	128	714000.0
1803	5673	128	721200.0
1810	5792	128	724000.0
1818	5938	128	727200.0
1833	6077	128	733200.0
1838	6198	128	735200.0
1838	6296	128	735200.0
1838	6394	128	735200.0
1838	6492	128	735200.0
1841	6615	128	736400.0
1862	6718	128	744800.0
1864	6814	128	745600.0
1874	6900	128	749600.0
1874	6998	128	749600.0
1874	7096	128	749600.0
1874	7194	128	749600.0
112	0	112	44800.0
140	84	128	56000.0
172	164	128	68800.0
209	239	128	83600.0
244	316	128	97600.0
265	407	128	106000.0
298	479	128	119200.0
330	552	128	132000.0
367	620	128	146800.0
400	699	128	160000.0
435	776	128	174000.0
472	851	128	188800.0
508	927	128	203200.0
545	1002	128	218000.0
581	1078	128	232400.0
616	1155	128	246400.0
652	1231	128	260800.0
688	1307	128	275200.0
724	1383	128	289600.0
760	1459	128	304000.0
794	1537	128	317600.0
830	1613	128	332000.0
869	1686	128	347600.0
881	1786	128	352400.0
900	1879	128	360000.0
939	1952	128	375600.0
968	2035	128	387200.0
986	2129	128	394400.0
1023	2204	128	409200.0
1054	2285	128	421600.0
1099	2352	128	439600.0
1144	2419	128	457600.0
1161	2514	128	464400.0
1190	2597	128	476000.0
1226	2673	128	490400.0
1263	2748	128	505200.0
1298	2825	128	519200.0
1335	2900	128	534000.0
1371	2976	128	548400.0
1406	3053	128	562400.0
1437	3134	128	574800.0
1464	3255	128	585600.0
1469	3376	128	587600.0
1490	3479	128	596000.0
1496	3571	128	598400.0
1497	3668	128	598800.0
1507	3754	128	602800.0
1507	3852	128	602800.0
1507	3950	128	602800.0
1507	4048	128	602800.0
1509	4144	128	603600.0
1509	4242	128	603600.0
1509	4340	128	603600.0
1519	4426	128	607600.0
1519	4524	128	607600.0
1529	4610	128	611600.0
1539	4696	128	615600.0
1539	4794	128	615600.0
1539	4892	128	615600.0
1539	4990	128	615600.0
1566	5089	128	626400.0
1598	5211	128	639200.0
1635	5326	128	654000.0
1642	5445	128	656800.0
1663	5548	128	665200.0
1672	5665	128	668800.0
1690	5801	128	676000.0
1709	5936	128	683600.0
1716	6055	128	686400.0
1717	6152	128	686800.0
1717	6250	128	686800.0
1717	6348	128	686800.0
1721	6470	128	688400.0
1739	6576	128	695600.0
1743	6670	128	697200.0
1753	6756	128	701200.0
1754	6853	124	701600.0
1754	6951	124	701600.0
1754	7049	124	701600.0
1754	7147	124	701600.0
1760	7267	128	704000.0
1774	7407	128	709600.0
1800	7535	128	720000.0
1833	7654	128	733200.0
1838	7775	128	735200.0
1859	7878	128	743600.0
1880	7981	128	752000.0
1905	8110	128	762000.0
1911	8230	128	764400.0
1912	8327	128	764800.0
1919	8452	128	767600.0
1920	8591	126	768000.0
1920	8731	126	768000.0
1930	8901	128	772000.0
1931	9048	128	772400.0
1932	9229	128	772800.0
1932	9369	128	772800.0
1932	9509	128	772800.0
1932	9691	128	772800.0
1944	9901	128	777600.0
1948	10079	128	779200.0
1949	10218	128	779600.0
1950	10357	128	780000.0
1951	10496	128	780400.0
1952	10593	128	780800.0
1952	10691	128	780800.0
1952	10789	128	780800.0
1952	10887	128	780800.0
1952	11027	128	780800.0
1952	11141	128	780800.0
1952	11229	128	780800.0
112	0	112	44800.0
140	84	128	56000.0
172	164	128	68800.0
211	237	128	84400.0
250	310	128	100000.0
269	403	128	107600.0
301	476	128	120400.0
333	549	128	133200.0
371	616	128	148400.0
404	695	128	161600.0
441	770	128	176400.0
479	844	128	191600.0
518	917	128	207200.0
558	989	128	223200.0
598	1061	128	239200.0
638	1133	128	255200.0
678	1205	128	271200.0
715	1280	128	286000.0
753	1354	128	301200.0
791	1428	128	316400.0
829	1502	128	331600.0
868	1575	128	347200.0
909	1646	128	363600.0
921	1746	128	368400.0
941	1838	128	376400.0
984	1907	128	393600.0
1017	1986	128	406800.0
1040	2075	128	416000.0
1076	2151	128	430400.0
1107	2232	128	442800.0
1152	2299	128	460800.0
1197	2366	128	478800.0
1212	2463	128	484800.0
1239	2548	128	495600.0
1278	2621	128	511200.0
1315	2696	128	526000.0
1353	2770	128	541200.0
1391	2844	128	556400.0
1429	2918	128	571600.0
1468	2991	128	587200.0
1501	3070	128	600400.0
1529	3190	128	611600.0
1535	3310	128	614000.0
1556	3413	128	622400.0
1560	3507	128	624000.0
1560	3605	128	624000.0
1570	3691	128	628000.0
1570	3789	128	628000.0
1570	3887	128	628000.0
1570	3985	128	628000.0
1570	4083	128	628000.0
1570	4181	128	628000.0
1570	4279	128	628000.0
1580	4365	128	632000.0
1580	4463	128	632000.0
1590	4549	128	636000.0
1600	4635	128	640000.0
1600	4733	128	640000.0
1600	4831	128	640000.0
1600	4929	128	640000.0
1627	5028	128	650800.0
1656	5153	128	662400.0
1691	5270	128	676400.0
1694	5393	128	677600.0
1713	5498	128	685200.0
1721	5616	128	688400.0
1736	5755	128	694400.0
1755	5890	128	702000.0
1758	6013	128	703200.0
1758	6111	128	703200.0
1758	6209	128	703200.0
1758	6307	128	703200.0
1760	6431	128	704000.0
1778	6537	128	711200.0
1782	6631	128	712800.0
1792	6717	128	716800.0
1792	6815	128	716800.0
1792	6913	128	716800.0
1793	7010	128	717200.0
1793	7108	128	717200.0
1798	7229	128	719200.0
1813	7368	128	725200.0
1839	7496	128	735600.0
1871	7616	128	748400.0
1875	7738	128	750000.0
1895	7842	128	758000.0
1912	7949	128	764800.0
1936	8079	128	774400.0
1940	8201	128	776000.0
1940	8299	128	776000.0
1947	8424	128	778800.0
1947	8564	128	778800.0
1947	8704	128	778800.0
1956	8875	128	782400.0
1956	9023	128	782400.0
1956	9205	128	782400.0
1956	9345	128	782400.0
1956	9485	128	782400.0
1956	9667	128	782400.0
1966	9879	128	786400.0
1969	10058	128	787600.0
1969	10198	128	787600.0
1969	10338	128	787600.0
1969	10478	128	787600.0
1971	10574	128	788400.0
1972	10671	128	788800.0
1972	10769	128	788800.0
1972	10867	128	788800.0
1972	11007	128	788800.0
1972	11121	128	788800.0
1972	11209	128	788800.0
127	0	127	50800.0
156	106	128	62400.0
205	192	128	82000.0
254	278	128	101600.0
303	364	128	121200.0
337	465	128	134800.0
388	540	128	155200.0
430	624	128	172000.0
484	696	128	193600.0
540	775	128	216000.0
590	860	128	236000.0
640	945	128	256000.0
689	1031	128	275600.0
738	1117	128	295200.0
787	1203	128	314800.0
836	1289	128	334400.0
885	1375	128	354000.0
943	1461	128	377200.0
1002	1546	128	400800.0
1061	1631	128	424400.0
1120	1716	128	448000.0
1178	1802	128	471200.0
1243	1881	128	497200.0
1280	1988	128	512000.0
1324	2088	128	529600.0
1388	2168	128	555200.0
1450	2250	128	580000.0
1496	2348	128	598400.0
1562	2426	128	624800.0
1620	2512	128	648000.0
1691	2585	128	676400.0
1764	2656	128	705600.0
1810	2754	128	724000.0
1868	2840	128	747200.0
1927	2925	128	770800.0
1985	3011	128	794000.0
2044	3096	128	817600.0
2103	3181	128	841200.0
2162	3266	128	864800.0
2214	3358	128	885600.0
2262	3454	128	904800.0
2302	3612	128	920800.0
2317	3774	128	926800.0
2347	3918	128	938800.0
2358	4054	128	943200.0
2362	4197	128	944800.0
2374	4329	128	949600.0
2379	4471	128	951600.0
2381	4616	128	952400.0
2382	4762	128	952800.0
2385	4906	128	954000.0
2386	5052	128	954400.0
2387	5198	128	954800.0
2398	5331	128	959200.0
2402	5474	128	960800.0
2413	5607	128	965200.0
2424	5740	128	969600.0
2425	5886	128	970000.0
2425	6033	128	970000.0
2425	6180	128	970000.0
2455	6327	128	982000.0
2490	6499	128	996000.0
2537	6656	128	1014800.0
2552	6818	128	1020800.0
2581	6963	128	1032400.0
2599	7122	128	1039600.0
2626	7302	128	1050400.0
2659	7476	128	1063600.0
2674	7638	128	1069600.0
2682	7777	128	1072800.0
2690	7916	128	1076000.0
2696	8057	128	1078400.0
2708	8222	128	1083200.0
2731	8373	128	1092400.0
2741	8510	128	1096400.0
2758	8637	128	1103200.0
2763	8779	128	1105200.0
2765	8924	128	1106000.0
2770	9066	128	1108000.0
2775	9208	128	1110000.0
2787	9373	128	1114800.0
2813	9554	128	1125200.0
2852	9722	128	1140800.0
2897	9881	128	1158800.0
2915	10040	128	1166000.0
2942	10187	128	1176800.0
2967	10336	128	1186800.0
2999	10511	128	1199600.0
3009	10678	128	1203600.0
3014	10820	128	1205600.0
3024	11026	128	1209600.0
3027	11254	128	1210800.0
3029	11483	128	1211600.0
3041	11750	128	1216400.0
3045	11985	128	1218000.0
3052	12260	128	1220800.0
3055	12488	128	1222000.0
3058	12716	128	1223200.0
3065	12991	128	1226000.0
3085	13301	128	1234000.0
3092	13576	128	1236800.0
3095	13804	128	1238000.0
3098	14032	128	1239200.0
3101	14260	128	1240400.0
3107	14401	128	1242800.0
3113	14542	128	1245200.0
3118	14684	128	1247200.0
3122	14827	128	1248800.0
3124	15056	128	1249600.0
3124	15252	128	1249600.0
3124	15413	128	1249600.0
128	0	128	51200.0
128	0	128	51200.0
158	106	128	63200.0
203	197	128	81200.0
248	288	128	99200.0
293	379	128	117200.0
319	482	128	127600.0
363	561	128	145200.0
402	648	128	160800.0
450	728	128	180000.0
499	807	128	199600.0
543	898	128	217200.0
589	988	128	235600.0
635	1078	128	254000.0
681	1168	128	272400.0
727	1258	128	290800.0
773	1348	128	309200.0
819	1438	128	327600.0
867	1520	128	346800.0
915	1606	128	366000.0
963	1689	128	385200.0
1013	1769	128	405200.0
1063	1847	128	425200.0
1113	1925	128	445200.0
1136	2030	128	454400.0
1162	2132	128	464800.0
1209	2214	128	483600.0
1258	2297	128	503200.0
1284	2399	128	513600.0
1332	2479	128	532800.0
1375	2567	128	550000.0
1426	2651	128	570400.0
1481	2724	128	592400.0
1511	2825	128	604400.0
1559	2910	128	623600.0
1606	2995	128	642400.0
1651	3086	128	660400.0
1697	3170	128	678800.0
1742	3260	128	696800.0
1786	3351	128	714400.0
1832	3441	128	732800.0
1870	3552	128	748000.0
1897	3683	128	758800.0
1903	3808	128	761200.0
1923	3925	128	769200.0
1924	4025	128	769600.0
1924	4126	128	769600.0
1934	4221	128	773600.0
1934	4322	128	773600.0
1934	4423	128	773600.0
1934	4524	128	773600.0
1934	4625	128	773600.0
1934	4726	128	773600.0
1934	4827	128	773600.0
1944	4922	128	777600.0
1944	5023	128	777600.0
1954	5118	128	781600.0
1964	5213	128	785600.0
1964	5314	127	785600.0
1964	5415	127	785600.0
1964	5516	127	785600.0
1992	5621	128	796800.0
2021	5755	128	808400.0
2050	5895	128	820000.0
2051	6025	128	820400.0
2069	6144	128	827600.0
2073	6271	128	829200.0
2083	6422	128	833200.0
2101	6565	128	840400.0
2103	6694	128	841200.0
2103	6795	128	841200.0
2103	6896	128	841200.0
2103	6997	128	841200.0
2104	7127	128	841600.0
2123	7245	128	849200.0
2125	7344	128	850000.0
2136	7438	128	854400.0
2136	7539	128	854400.0
2136	7640	128	854400.0
2136	7741	128	854400.0
2136	7842	128	854400.0
2139	7970	128	855600.0
2153	8119	128	861200.0
2178	8257	128	871200.0
2210	8388	128	884000.0
2218	8511	128	887200.0
2239	8627	128	895600.0
2256	8763	128	902400.0
2277	8917	128	910800.0
2277	9056	128	910800.0
2277	9163	128	910800.0
2282	9287	128	912800.0
2282	9424	127	912800.0
2282	9561	127	912800.0
2288	9732	128	915200.0
2288	9877	128	915200.0
2288	10056	128	915200.0
2288	10193	128	915200.0
2288	10330	128	915200.0
2288	10509	128	915200.0
2294	10722	128	917600.0
2294	10901	128	917600.0
2294	11038	128	917600.0
2294	11175	128	917600.0
2294	11312	128	917600.0
2294	11419	128	917600.0
2294	11526	128	917600.0
2294	11633	128	917600.0
2294	11740	128	917600.0
2294	11877	128	917600.0
2294	11988	128	917600.0
2294	12073	125	917600.0
128	0	128	51200.0
158	106	128	63200.0
203	197	128	81200.0
248	288	128	99200.0
293	379	128	117200.0
319	482	128	127600.0
363	561	128	145200.0
402	648	128	160800.0
450	728	128	180000.0
499	807	128	199600.0
543	898	128	217200.0
589	988	128	235600.0
635	1078	128	254000.0
681	1168	128	272400.0
727	1258	128	290800.0
773	1348	128	309200.0
819	1438	128	327600.0
867	1520	128	346800.0
915	1606	128	366000.0
963	1689	128	385200.0
1013	1769	128	405200.0
1063	1847	128	425200.0
1113	1925	128	445200.0
1136	2030	128	454400.0
1162	2132	128	464800.0
1209	2214	128	483600.0
1258	2297	128	503200.0
1284	2399	128	513600.0
1332	2479	128	532800.0
1375	2567	128	550000.0
1426	2651	128	570400.0
1481	2724	128	592400.0
1511	2825	128	604400.0
1559	2910	128	623600.0
1606	2995	128	642400.0
1651	3086	128	660400.0
1697	3170	128	678800.0
1742	3260	128	696800.0
1786	3351	128	714400.0
1832	3441	128	732800.0
1870	3552	128	748000.0
1897	3683	128	758800.0
1903	3808	128	761200.0
1923	3925	128	769200.0
1924	4025	128	769600.0
1924	4126	128	769600.0
1934	4221	128	773600.0
1934	4322	128	773600.0
1934	4423	128	773600.0
1934	4524	128	773600.0
1934	4625	128	773600.0
1934	4726	128	773600.0
1934	4827	128	773600.0
1944	4922	128	777600.0
1944	5023	128	777600.0
1954	5118	128	781600.0
1964	5213	128	785600.0
128	0	128	51200.0
128	0	128	51200.0
128	0	128	51200.0
158	106	143	63200.0
194	206	160	77600.0
233	302	176	93200.0
267	404	190	106800.0
275	524	193	110000.0
303	623	215	121200.0
315	737	219	126000.0
342	839	231	136800.0
355	959	235	142000.0
386	1064	247	154400.0
416	1170	259	166400.0
446	1276	271	178400.0
476	1382	283	190400.0
506	1488	295	202400.0
536	1594	307	214400.0
566	1700	319	226400.0
598	1806	323	239200.0
628	1912	310	251200.0
660	2018	324	264000.0
692	2124	312	276800.0
724	2230	302	289600.0
748	2336	315	299200.0
748	2464	314	299200.0
748	2592	314	299200.0
778	2698	329	311200.0
788	2821	333	315200.0
788	2949	320	315200.0
788	3077	320	315200.0
788	3205	320	315200.0
816	3311	332	326400.0
825	3433	328	330000.0
825	3561	328	330000.0
836	3683	332	334400.0
868	3789	346	347200.0
898	3895	357	359200.0
930	4001	347	372000.0
960	4107	350	384000.0
990	4213	331	396000.0
1020	4319	327	408000.0
1040	4449	326	416000.0
1053	4594	316	421200.0
1053	4725	281	421200.0
1071	4844	261	428400.0
1071	4945	234	428400.0
1071	5046	209	428400.0
1081	5141	214	432400.0
1081	5242	178	432400.0
1081	5343	178	432400.0
1081	5444	178	432400.0
1081	5545	178	432400.0
1081	5646	178	432400.0
1081	5747	178	432400.0
1091	5842	183	436400.0
1091	5943	151	436400.0
1101	6038	156	440400.0
1111	6133	136	444400.0
1111	6234	125	444400.0
1111	6335	125	444400.0
1111	6436	125	444400.0
1138	6542	146	455200.0
1166	6677	165	466400.0
1192	6820	180	476800.0
1192	6951	180	476800.0
1210	7070	187	484000.0
1210	7201	187	484000.0
1210	7362	187	484000.0
1218	7517	192	487200.0
1218	7648	192	487200.0
1218	7749	192	487200.0
1218	7850	174	487200.0
1218	7951	174	487200.0
1218	8082	174	487200.0
1236	8201	184	494400.0
1236	8302	184	494400.0
1246	8397	184	498400.0
1246	8498	170	498400.0
1246	8599	170	498400.0
1246	8700	170	498400.0
1246	8801	170	498400.0
1246	8932	170	498400.0
1256	9085	175	502400.0
1272	9234	185	508800.0
1298	9377	200	519200.0
1298	9508	200	519200.0
1316	9627	202	526400.0
1330	9766	211	532000.0
1345	9926	218	538000.0
1345	10065	218	538000.0
1345	10172	218	538000.0
1350	10296	196	540000.0
1350	10433	174	540000.0
1350	10570	174	540000.0
1355	10742	179	542000.0
1355	10887	179	542000.0
1355	11066	163	542000.0
1355	11203	163	542000.0
1355	11340	163	542000.0
1355	11519	163	542000.0
1360	11733	168	544000.0
1360	11912	168	544000.0
1360	12049	168	544000.0
1360	12186	168	544000.0
1360	12323	168	544000.0
1360	12430	168	544000.0
1360	12537	168	544000.0
1360	12644	168	544000.0
1360	12751	168	544000.0
1360	12888	168	544000.0
1360	12999	168	544000.0
1360	13084	158	544000.0
128	0	128	51200.0
158	106	128	63200.0
203	197	128	81200.0
248	288	128	99200.0
293	379	128	117200.0
319	482	128	127600.0
363	561	128	145200.0
402	648	128	160800.0
450	728	128	180000.0
499	807	128	199600.0
543	898	128	217200.0
589	988	128	235600.0
635	1078	128	254000.0
681	1168	128	272400.0
727	1258	128	290800.0
773	1348	128	309200.0
819	1438	128	327600.0
867	1520	128	346800.0
915	1606	128	366000.0
963	1689	128	385200.0
1013	1769	128	405200.0
1063	1847	128	425200.0
1113	1925	128	445200.0
1136	2030	128	454400.0
1162	2132	128	464800.0
1209	2214	128	483600.0
1258	2297	128	503200.0
1284	2399	128	513600.0
1332	2479	128	532800.0
1375	2567	128	550000.0
1426	2651	128	570400.0
1481	2724	128	592400.0
1511	2825	128	604400.0
1559	2910	128	623600.0
1606	2995	128	642400.0
1651	3086	128	660400.0
1697	3170	128	678800.0
1742	3260	128	696800.0
1786	3351	128	714400.0
1832	3441	128	732800.0
1870	3552	128	748000.0
1897	3683	128	758800.0
1903	3808	128	761200.0
1923	3925	128	769200.0
1924	4025	128	769600.0
1924	4126	128	769600.0
1934	4221	128	773600.0
1934	4322	128	773600.0
1934	4423	128	773600.0
1934	4524	128	773600.0
1934	4625	128	773600.0
1934	4726	128	773600.0
1934	4827	128	773600.0
1944	4922	128	777600.0
1944	5023	128	777600.0
1954	5118	128	781600.0
1964	5213	128	785600.0
1964	5314	127	785600.0
1964	5415	127	785600.0
1964	5516	127	785600.0
1992	5621	128	796800.0
2021	5755	128	808400.0
2050	5895	128	820000.0
2051	6025	128	820400.0
2069	6144	128	827600.0
2073	6271	128	829200.0
2083	6422	128	833200.0
2101	6565	128	840400.0
2103	6694	128	841200.0
2103	6795	128	841200.0
2103	6896	128	841200.0
2103	6997	128	841200.0
2104	7127	128	841600.0
2123	7245	128	849200.0
2125	7344	128	850000.0
2136	7438	128	854400.0
2136	7539	128	854400.0
2136	7640	128	854400.0
2136	7741	128	854400.0
2136	7842	128	854400.0
2139	7970	128	855600.0
2153	8119	128	861200.0
2178	8257	128	871200.0
2210	8388	128	884000.0
2218	8511	128	887200.0
2239	8627	128	895600.0
2256	8763	128	902400.0
2277	8917	128	910800.0
2277	9056	128	910800.0
2277	9163	128	910800.0
2282	9287	128	912800.0
2282	9424	127	912800.0
2282	9561	127	912800.0
2288	9732	128	915200.0
2288	9877	128	915200.0
2288	10056	128	915200.0
2288	10193	128	915200.0
2288	10330	128	915200.0
2288	10509	128	915200.0
2294	10722	128	917600.0
2294	10901	128	917600.0
2294	11038	128	917600.0
2294	11175	128	917600.0
2294	11312	128	917600.0
2294	11419	128	917600.0
2294	11526	128	917600.0
2294	11633	128	917600.0
2294	11740	128	917600.0
2294	11877	128	917600.0
2294	11988	128	917600.0
2294	12073	125	917600.0
128	0	128	51200.0
128	0	128	51200.0
128	0	128	51200.0
158	106	143	63200.0
194	206	160	77600.0
233	302	176	93200.0
267	404	190	106800.0
275	524	193	110000.0
303	623	215	121200.0
315	737	219	126000.0
342	839	231	136800.0
355	959	235	142000.0
386	1064	247	154400.0
416	1170	259	166400.0
446	1276	271	178400.0
476	1382	283	190400.0
506	1488	295	202400.0
536	1594	307	214400.0
566	1700	319	226400.0
598	1806	323	239200.0
628	1912	310	251200.0
660	2018	324	264000.0
692	2124	312	276800.0
724	2230	302	289600.0
748	2336	315	299200.0
748	2464	314	299200.0
748	2592	314	299200.0
778	2698	329	311200.0
788	2821	333	315200.0
788	2949	320	315200.0
788	3077	320	315200.0
788	3205	320	315200.0
816	3311	332	326400.0
825	3433	328	330000.0
825	3561	328	330000.0
836	3683	332	334400.0
868	3789	346	347200.0
898	3895	357	359200.0
930	4001	347	372000.0
960	4107	350	384000.0
990	4213	331	396000.0
1020	4319	327	408000.0
1040	4449	326	416000.0
1053	4594	316	421200.0
1053	4725	281	421200.0
1071	4844	261	428400.0
1071	4945	234	428400.0
1071	5046	209	428400.0
1081	5141	214	432400.0
1081	5242	178	432400.0
1081	5343	178	432400.0
1081	5444	178	432400.0
1081	5545	178	432400.0
1081	5646	178	432400.0
1081	5747	178	432400.0
1091	5842	183	436400.0
1091	5943	151	436400.0
1101	6038	156	440400.0
1111	6133	136	444400.0
1111	6234	125	444400.0
1111	6335	125	444400.0
1111	6436	125	444400.0
1138	6542	146	455200.0
1166	6677	165	466400.0
1192	6820	180	476800.0
1192	6951	180	476800.0
1210	7070	187	484000.0
1210	7201	187	484000.0
1210	7362	187	484000.0
1218	7517	192	487200.0
1218	7648	192	487200.0
1218	7749	192	487200.0
1218	7850	174	487200.0
1218	7951	174	487200.0
1218	8082	174	487200.0
1236	8201	184	494400.0
1236	8302	184	494400.0
1246	8397	184	498400.0
1246	8498	170	498400.0
1246	8599	170	498400.0
1246	8700	170	498400.0
1246	8801	170	498400.0
1246	8932	170	498400.0
1256	9085	175	502400.0
1272	9234	185	508800.0
1298	9377	200	519200.0
1298	9508	200	519200.0
1316	9627	202	526400.0
1330	9766	211	532000.0
1345	9926	218	538000.0
1345	10065	218	538000.0
1345	10172	218	538000.0
1350	10296	196	540000.0
1350	10433	174	540000.0
1350	10570	174	540000.0
1355	10742	179	542000.0
1355	10887	179	542000.0
1355	11066	163	542000.0
1355	11203	163	542000.0
1355	11340	163	542000.0
1355	11519	163	542000.0
1360	11733	168	544000.0
1360	11912	168	544000.0
1360	12049	168	544000.0
1360	12186	168	544000.0
1360	12323	168	544000.0
1360	12430	168	544000.0
1360	12537	168	544000.0
1360	12644	168	544000.0
1360	12751	168	544000.0
1360	12888	168	544000.0
1360	12999	168	544000.0
1360	13084	158	544000.0
128	0	128	51200.0
158	106	143	63200.0
194	206	160	77600.0
233	302	176	93200.0
267	404	190	106800.0
275	524	193	110000.0
303	623	215	121200.0
315	737	219	126000.0
342	839	231	136800.0
355	959	235	142000.0
386	1064	247	154400.0
416	1170	259	166400.0
446	1276	271	178400.0
476	1382	283	190400.0
506	1488	295	202400.0
536	1594	307	214400.0
566	1700	319	226400.0
598	1806	323	239200.0
628	1912	310	251200.0
660	2018	324	264000.0
692	2124	312	276800.0
724	2230	302	289600.0
748	2336	315	299200.0
748	2464	314	299200.0
748	2592	314	299200.0
778	2698	329	311200.0
788	2821	333	315200.0
788	2949	320	315200.0
788	3077	320	315200.0
788	3205	320	315200.0
816	3311	332	326400.0
825	3433	328	330000.0
825	3561	328	330000.0
836	3683	332	334400.0
868	3789	346	347200.0
898	3895	357	359200.0
930	4001	347	372000.0
960	4107	350	384000.0
990	4213	331	396000.0
1020	4319	327	408000.0
1040	4449	326	416000.0
1053	4594	316	421200.0
1053	4725	281	421200.0
1071	4844	261	428400.0
1071	4945	234	428400.0
1071	5046	209	428400.0
1081	5141	214	432400.0
1081	5242	178	432400.0
1081	5343	178	432400.0
1081	5444	178	432400.0
1081	5545	178	432400.0
1081	5646	178	432400.0
1081	5747	178	432400.0
1091	5842	183	436400.0
1091	5943	151	436400.0
1101	6038	156	440400.0
1111	6133	136	444400.0
1111	6234	125	444400.0
1111	6335	125	444400.0
1111	6436	125	444400.0
1138	6542	146	455200.0
1166	6677	165	466400.0
1192	6820	180	476800.0
1192	6951	180	476800.0
1210	7070	187	484000.0
1210	7201	187	484000.0
1210	7362	187	484000.0
1218	7517	192	487200.0
1218	7648	192	487200.0
1218	7749	192	487200.0
1218	7850	174	487200.0
1218	7951	174	487200.0
1218	8082	174	487200.0
1236	8201	184	494400.0
1236	8302	184	494400.0
1246	8397	184	498400.0
1246	8498	170	498400.0
1246	8599	170	498400.0
1246	8700	170	498400.0
1246	8801	170	498400.0
1246	8932	170	498400.0
1256	9085	175	502400.0
1272	9234	185	508800.0
1298	9377	200	519200.0
1298	9508	200	519200.0
1316	9627	202	526400.0
1330	9766	211	532000.0
1345	9926	218	538000.0
1345	10065	218	538000.0
1345	10172	218	538000.0
1350	10296	196	540000.0
1350	10433	174	540000.0
1350	10570	174	540000.0
1355	10742	179	542000.0
1355	10887	179	542000.0
1355	11066	163	542000.0
1355	11203	163	542000.0
1355	11340	163	542000.0
1355	11519	163	542000.0
1360	11733	168	544000.0
1360	11912	168	544000.0
1360	12049	168	544000.0
1360	12186	168	544000.0
1360	12323	168	544000.0
1360	12430	168	544000.0
1360	12537	168	544000.0
1360	12644	168	544000.0
1360	12751	168	544000.0
1360	12888	168	544000.0
1360	12999	168	544000.0
1360	13084	158	544000.0
128	0	128	51200.0
158	106	143	63200.0
194	206	160	77600.0
233	302	176	93200.0
267	404	190	106800.0
275	524	193	110000.0
303	623	215	121200.0
315	737	219	126000.0
342	839	231	136800.0
355	959	235	142000.0
386	1064	247	154400.0
416	1170	259	166400.0
446	1276	271	178400.0
476	1382	283	190400.0
506	1488	295	202400.0
536	1594	307	214400.0
566	1700	319	226400.0
598	1806	323	239200.0
628	1912	310	251200.0
660	2018	324	264000.0
692	2124	312	276800.0
724	2230	302	289600.0
748	2336	315	299200.0
748	2464	314	299200.0
748	2592	314	299200.0
778	2698	329	311200.0
788	2821	333	315200.0
788	2949	320	315200.0
788	3077	320	315200.0
788	3205	320	315200.0
816	3311	332	326400.0
825	3433	328	330000.0
825	3561	328	330000.0
836	3683	332	334400.0
868	3789	346	347200.0
898	3895	357	359200.0
930	4001	347	372000.0
960	4107	350	384000.0
990	4213	331	396000.0
1020	4319	327	408000.0
1040	4449	326	416000.0
1053	4594	316	421200.0
1053	4725	281	421200.0
1071	4844	261	428400.0
1071	4945	234	428400.0
1071	5046	209	428400.0
1081	5141	214	432400.0
1081	5242	178	432400.0
1081	5343	178	432400.0
1081	5444	178	432400.0
1081	5545	178	432400.0
1081	5646	178	432400.0
1081	5747	178	432400.0
1091	5842	183	436400.0
1091	5943	151	436400.0
1101	6038	156	440400.0
1111	6133	136	444400.0
1111	6234	125	444400.0
1111	6335	125	444400.0
1111	6436	125	444400.0
1138	6542	146	455200.0
1166	6677	165	466400.0
1192	6820	180	476800.0
1192	6951	180	476800.0
1210	7070	187	484000.0
1210	7201	187	484000.0
1210	7362	187	484000.0
1218	7517	192	487200.0
1218	7648	192	487200.0
1218	7749	192	487200.0
1218	7850	174	487200.0
1218	7951	174	487200.0
1218	8082	174	487200.0
1236	8201	184	494400.0
1236	8302	184	494400.0
1246	8397	184	498400.0
1246	8498	170	498400.0
1246	8599	170	498400.0
1246	8700	170	498400.0
1246	8801	170	498400.0
1246	8932	170	498400.0
1256	9085	175	502400.0
1272	9234	185	508800.0
1298	9377	200	519200.0
1298	9508	200	519200.0
1316	9627	202	526400.0
1330	9766	211	532000.0
1345	9926	218	538000.0
1345	10065	218	538000.0
1345	10172	218	538000.0
1350	10296	196	540000.0
1350	10433	174	540000.0
1350	10570	174	540000.0
1355	10742	179	542000.0
1355	10887	179	542000.0
1355	11066	163	542000.0
1355	11203	163	542000.0
1355	11340	163	542000.0
1355	11519	163	542000.0
1360	11733	168	544000.0
1360	11912	168	544000.0
1360	12049	168	544000.0
1360	12186	168	544000.0
1360	12323	168	544000.0
1360	12430	168	544000.0
1360	12537	168	544000.0
1360	12644	168	544000.0
1360	12751	168	544000.0
1360	12888	168	544000.0
1360	12999	168	544000.0
1360	13084	158	544000.0
128	0	128	51200.0
158	106	143	63200.0
194	206	160	77600.0
233	302	176	93200.0
267	404	190	106800.0
275	524	193	110000.0
303	623	215	121200.0
315	737	219	126000.0
342	839	231	136800.0
355	959	235	142000.0
386	1064	247	154400.0
416	1170	259	166400.0
446	1276	271	178400.0
476	1382	283	190400.0
506	1488	295	202400.0
536	1594	307	214400.0
566	1700	319	226400.0
598	1806	323	239200.0
628	1912	310	251200.0
660	2018	324	264000.0
692	2124	312	276800.0
724	2230	302	289600.0
748	2336	315	299200.0
748	2464	314	299200.0
748	2592	314	299200.0
778	2698	329	311200.0
788	2821	333	315200.0
788	2949	320	315200.0
788	3077	320	315200.0
788	3205	320	315200.0
816	3311	332	326400.0
825	3433	328	330000.0
825	3561	328	330000.0
836	3683	332	334400.0
868	3789	346	347200.0
898	3895	357	359200.0
930	4001	347	372000.0
960	4107	350	384000.0
990	4213	331	396000.0
1020	4319	327	408000.0
1040	4449	326	416000.0
1053	4594	316	421200.0
1053	4725	281	421200.0
1071	4844	261	428400.0
1071	4945	234	428400.0
1071	5046	209	428400.0
1081	5141	214	432400.0
1081	5242	178	432400.0
1081	5343	178	432400.0
1081	5444	178	432400.0
1081	5545	178	432400.0
1081	5646	178	432400.0
1081	5747	178	432400.0
1091	5842	183	436400.0
1091	5943	151	436400.0
1101	6038	156	440400.0
1111	6133	136	444400.0
1111	6234	125	444400.0
1111	6335	125	444400.0
1111	6436	125	444400.0
1138	6542	146	455200.0
1166	6677	165	466400.0
1192	6820	180	476800.0
1192	6951	180	476800.0
1210	7070	187	484000.0
1210	7201	187	484000.0
1210	7362	187	484000.0
1218	7517	192	487200.0
1218	7648	192	487200.0
1218	7749	192	487200.0
1218	7850	174	487200.0
1218	7951	174	487200.0
1218	8082	174	487200.0
1236	8201	184	494400.0
1236	8302	184	494400.0
1246	8397	184	498400.0
1246	8498	170	498400.0
1246	8599	170	498400.0
1246	8700	170	498400.0
1246	8801	170	498400.0
1246	8932	170	498400.0
1256	9085	175	502400.0
1272	9234	185	508800.0
1298	9377	200	519200.0
1298	9508	200	519200.0
1316	9627	202	526400.0
1330	9766	211	532000.0
1345	9926	218	538000.0
1345	10065	218	538000.0
1345	10172	218	538000.0
1350	10296	196	540000.0
1350	10433	174	540000.0
1350	10570	174	540000.0
1355	10742	179	542000.0
1355	10887	179	542000.0
1355	11066	163	542000.0
1355	11203	163	542000.0
1355	11340	163	542000.0
1355	11519	163	542000.0
1360	11733	168	544000.0
1360	11912	168	544000.0
1360	12049	168	544000.0
1360	12186	168	544000.0
1360	12323	168	544000.0
1360	12430	168	544000.0
1360	12537	168	544000.0
1360	12644	168	544000.0
1360	12751	168	544000.0
1360	12888	168	544000.0
1360	12999	168	544000.0
1360	13084	158	544000.0
128	0	128	51200.0
158	106	128	63200.0
203	197	128	81200.0
248	288	128	99200.0
293	379	128	117200.0
319	482	128	127600.0
363	561	128	145200.0
402	648	128	160800.0
450	728	128	180000.0
499	807	128	199600.0
543	898	128	217200.0
589	988	128	235600.0
635	1078	128	254000.0
681	1168	128	272400.0
727	1258	128	290800.0
773	1348	128	309200.0
819	1438	128	327600.0
867	1520	128	346800.0
915	1606	128	366000.0
963	1689	128	385200.0
1013	1769	128	405200.0
1063	1847	128	425200.0
1113	1925	128	445200.0
1136	2030	128	454400.0
1162	2132	128	464800.0
1209	2214	128	483600.0
1258	2297	128	503200.0
1284	2399	128	513600.0
1332	2479	128	532800.0
1375	2567	128	550000.0
1426	2651	128	570400.0
1481	2724	128	592400.0
1511	2825	128	604400.0
1559	2910	128	623600.0
1606	2995	128	642400.0
1651	3086	128	660400.0
1697	3170	128	678800.0
1742	3260	128	696800.0
1786	3351	128	714400.0
1832	3441	128	732800.0
1870	3552	128	748000.0
1897	3683	128	758800.0
1903	3808	128	761200.0
1923	3925	128	769200.0
1924	4025	128	769600.0
1924	4126	128	769600.0
1934	4221	128	773600.0
1934	4322	128	773600.0
1934	4423	128	773600.0
1934	4524	128	773600.0
1934	4625	128	773600.0
1934	4726	128	773600.0
1934	4827	128	773600.0
1944	4922	128	777600.0
1944	5023	128	777600.0
1954	5118	128	781600.0
1964	5213	128	785600.0
1964	5314	127	785600.0
1964	5415	127	785600.0
1964	5516	127	785600.0
1992	5621	128	796800.0
2021	5755	128	808400.0
2050	5895	128	820000.0
2051	6025	128	820400.0
2069	6144	128	827600.0
2073	6271	128	829200.0
2083	6422	128	833200.0
2101	6565	128	840400.0
2103	6694	128	841200.0
2103	6795	128	841200.0
2103	6896	128	841200.0
2103	6997	128	841200.0
2104	7127	128	841600.0
2123	7245	128	849200.0
2125	7344	128	850000.0
2136	7438	128	854400.0
2136	7539	128	854400.0
2136	7640	128	854400.0
2136	7741	128	854400.0
2136	7842	128	854400.0
2139	7970	128	855600.0
2153	8119	128	861200.0
2178	8257	128	871200.0
2210	8388	128	884000.0
2218	8511	128	887200.0
2239	8627	128	895600.0
2256	8763	128	902400.0
2277	8917	128	910800.0
2277	9056	128	910800.0
2277	9163	128	910800.0
2282	9287	128	912800.0
2282	9424	127	912800.0
2282	9561	127	912800.0
2288	9732	128	915200.0
2288	9877	128	915200.0
2288	10056	128	915200.0
2288	10193	128	915200.0
2288	10330	128	915200.0
2288	10509	128	915200.0
2294	10722	128	917600.0
2294	10901	128	917600.0
2294	11038	128	917600.0
2294	11175	128	917600.0
2294	11312	128	917600.0
2294	11419	128	917600.0
2294	11526	128	917600.0
2294	11633	128	917600.0
2294	11740	128	917600.0
2294	11877	128	917600.0
2294	11988	128	917600.0
2294	12073	125	917600.0
149	0	128	59600.0
197	115	128	78800.0
266	206	128	106400.0
335	297	128	134000.0
404	388	128	161600.0
451	494	128	180400.0
516	576	128	206400.0
579	665	128	231600.0
649	751	128	259600.0
722	831	128	288800.0
790	923	128	316000.0
859	1013	128	343600.0
928	1105	128	371200.0
997	1199	128	398800.0
1066	1291	128	426400.0
1136	1385	128	454400.0
1206	1473	128	482400.0
1280	1558	128	512000.0
1354	1646	128	541600.0
1429	1728	128	571600.0
1506	1808	128	602400.0
1583	1886	128	633200.0
1658	1966	128	663200.0
1708	2072	128	683200.0
1756	2179	128	702400.0
1827	2264	128	730800.0
1904	2346	128	761600.0
1954	2451	128	781600.0
2026	2534	128	810400.0
2096	2623	128	838400.0
2173	2708	128	869200.0
2255	2781	128	902000.0
2312	2882	128	924800.0
2389	2963	128	955600.0
2465	3044	128	986000.0
2539	3133	128	1015600.0
2613	3216	128	1045200.0
2687	3303	128	1074800.0
2760	3394	128	1104000.0
2832	3498	128	1132800.0
2894	3651	128	1157600.0
2944	3839	128	1177600.0
2959	4036	128	1183600.0
2984	4231	128	1193600.0
2986	4408	128	1194400.0
2986	4587	128	1194400.0
2996	4762	128	1198400.0
2997	4940	128	1198800.0
2997	5119	128	1198800.0
2997	5298	128	1198800.0
2997	5477	128	1198800.0
2997	5656	128	1198800.0
2997	5835	128	1198800.0
3008	6009	128	1203200.0
3008	6188	128	1203200.0
3019	6362	128	1207600.0
3030	6536	128	1212000.0
3030	6715	126	1212000.0
3030	6894	126	1212000.0
3030	7073	126	1212000.0
3060	7257	128	1224000.0
3093	7471	128	1237200.0
3127	7690	128	1250800.0
3135	7894	128	1254000.0
3158	8091	128	1263200.0
3169	8292	128	1267600.0
3185	8521	128	1274000.0
3207	8746	128	1282800.0
3219	8946	128	1287600.0
3221	9123	128	1288400.0
3222	9301	128	1288800.0
3222	9480	128	1288800.0
3230	9684	128	1292000.0
3249	9885	128	1299600.0
3255	10058	128	1302000.0
3268	10230	128	1307200.0
3268	10409	128	1307200.0
3268	10588	128	1307200.0
3268	10767	128	1307200.0
3268	10946	128	1307200.0
3275	11151	128	1310000.0
3294	11379	128	1317600.0
3331	11589	128	1332400.0
3371	11790	128	1348400.0
3385	11988	128	1354000.0
3407	12190	128	1362800.0
3428	12465	128	1371200.0
3451	12741	128	1380400.0
3453	12991	128	1381200.0
3453	13204	128	1381200.0
3458	13492	128	1383200.0
3459	13808	128	1383600.0
3459	14125	128	1383600.0
3465	14491	128	1386000.0
3465	14816	128	1386000.0
3465	15192	128	1386000.0
3465	15509	128	1386000.0
3465	15826	128	1386000.0
3465	16202	128	1386000.0
3475	16623	128	1390000.0
3478	16996	128	1391200.0
3478	17313	128	1391200.0
3478	17630	128	1391200.0
3478	17947	128	1391200.0
3479	18159	128	1391600.0
3480	18371	128	1392000.0
3480	18584	128	1392000.0
3480	18797	128	1392000.0
3480	19114	128	1392000.0
3480	19388	128	1392000.0
3480	19619	127	1392000.0
